1.004190	 0.004190
1.082680	 0.041340
1.239250	 0.081213
1.395820	 0.120723
1.552390	 0.160084
1.708960	 0.199373
1.865530	 0.238620
2.022110	 0.277842
2.178680	 0.317047
2.335250	 0.356238
2.491820	 0.395421
2.648390	 0.434597
2.804960	 0.473768
2.961530	 0.512934
3.118110	 0.552099
3.274680	 0.591260
3.431250	 0.630419
3.587820	 0.669576
3.744390	 0.708732
3.900960	 0.747886
4.057530	 0.787039
4.214110	 0.826192
4.370680	 0.865343
4.527250	 0.904494
4.683820	 0.943644
4.840390	 0.982794
4.996960	 1.021943
5.153530	 1.061091
5.310110	 1.100240
5.466680	 1.139388
5.623250	 1.178535
5.779820	 1.217683
5.936390	 1.256830
6.092960	 1.295976
6.249530	 1.335123
6.406110	 1.374269
6.562680	 1.413416
6.719250	 1.452562
6.875820	 1.491707
7.032390	 1.530853
7.188960	 1.569999
7.345530	 1.609144
7.502110	 1.648289
7.658680	 1.687435
7.815250	 1.726580
7.971820	 1.765725
8.128390	 1.804869
8.284960	 1.844014
8.441530	 1.883159
8.598110	 1.922304
8.754680	 1.961448
8.911250	 2.000593
9.067820	 2.039737
9.224390	 2.078881
9.380960	 2.118026
9.537530	 2.157170
9.694110	 2.196314
9.850680	 2.235459
10.002100	 2.274515
10.004200	 2.311001
5.621160	 2.273153
5.699450	 2.236527
5.777730	 2.201063
5.856020	 2.166707
5.934310	 2.133409
6.012590	 2.101119
6.090880	 2.069794
6.169160	 2.039389
6.247450	 2.009867
6.325730	 1.981187
6.404020	 1.953315
6.482310	 1.926218
6.560590	 1.899863
6.638880	 1.874221
6.717160	 1.849262
6.795450	 1.824960
6.873730	 1.801289
6.952020	 1.778225
7.030310	 1.755745
7.108590	 1.733827
7.186880	 1.712450
7.265160	 1.691595
7.343450	 1.671242
7.421730	 1.651373
7.500020	 1.631973
7.578310	 1.613023
7.656590	 1.594509
7.734880	 1.576416
7.813160	 1.558729
7.891450	 1.541436
7.969730	 1.524522
8.048020	 1.507976
8.126310	 1.491786
8.204590	 1.475941
8.282880	 1.460429
8.361160	 1.445240
8.439450	 1.430364
8.517730	 1.415792
8.596020	 1.401515
8.674310	 1.387523
8.752590	 1.373808
8.830880	 1.360362
8.909160	 1.347177
8.987450	 1.334245
9.065730	 1.321560
9.144020	 1.309114
9.222310	 1.296901
9.300590	 1.284914
9.378880	 1.273147
9.457160	 1.261594
9.535450	 1.250249
9.613730	 1.239107
9.692020	 1.228161
9.770310	 1.217408
9.848590	 1.206842
9.926880	 1.196458
10.002100	 1.186250
10.004200	 1.176215
