1.000000	    106921.241050 
1.004190	    56110.639636 
1.078290	    40538.305814 
1.156570	    31983.666665 
1.234860	    26539.284291 
1.313140	    22752.723266 
1.391430	    19957.934313 
1.469710	    17805.335898 
1.548000	    16093.344389 
1.626290	    14697.280092 
1.704570	    13535.764604 
1.782860	    12553.359763 
1.861140	    11710.947503 
1.939430	    10980.116061 
2.017710	    10339.711377 
2.096000	    9773.653848 
2.174290	    9269.491989 
2.252570	    8817.429779 
2.330860	    8409.652553 
2.409140	    8039.846280 
2.487430	    7702.853409 
2.565710	    7394.417031 
2.644000	    7110.993200 
2.722290	    6849.605637 
2.800570	    6607.736107 
2.878860	    6383.239597 
2.957140	    6174.276719 
3.035430	    5979.261383 
3.113710	    5796.817859 
3.192000	    5625.747560 
3.270290	    5465.000699 
3.348570	    5313.653874 
3.426860	    5170.891734 
3.505140	    5035.991259 
3.583430	    4908.309237 
3.661710	    4787.271206 
3.740000	    4672.362826 
3.818290	    4563.121877 
3.896570	    4459.131836 
3.974860	    4360.016461 
4.053140	    4265.434853 
4.131430	    4175.077527 
4.209710	    4088.662688 
4.288000	    4005.933404 
4.366290	    3926.654729 
4.444570	    3850.611421 
4.522860	    3777.605982 
4.601140	    3707.456764 
4.679430	    3639.996487 
4.757710	    3575.070737 
4.836000	    3512.536884 
4.914290	    3452.262857 
4.992570	    3394.126203 
5.070860	    3338.013268 
5.149140	    3283.818355 
5.227430	    3231.443098 
5.305710	    3180.795757 
5.384000	    3131.790769 
5.462290	    3084.354546 
5.540570	    3038.594266 
5.618860	    13765.687874 
5.697140	    24100.845401 
5.775430	    34153.074908 
5.853710	    43846.705840 
5.932000	    53242.071205 
6.010290	    62395.847464 
6.088570	    71233.901301 
6.166860	    79853.863111 
6.245140	    88182.726755 
6.323430	    96314.277863 
6.401710	    104176.688803 
6.480000	    111820.699438 
6.558290	    119294.269368 
6.636570	    126527.393492 
6.714860	    133605.578970 
6.793140	    140460.051017 
6.871430	    147173.443918 
6.949710	    153678.213285 
7.028000	    160018.304946 
7.106290	    166235.467439 
7.184570	    172263.985798 
7.262860	    178180.172610 
7.341140	    183919.513356 
7.419430	    189556.082296 
7.497710	    195026.545499 
7.576000	    200369.788628 
7.654290	    205622.909498 
7.732570	    210724.302055 
7.810860	    215743.032418 
7.889140	    220618.614886 
7.967430	    225418.314770 
8.045710	    230082.740203 
8.124000	    234646.855411 
8.202290	    239144.136782 
8.280570	    243516.782233 
8.358860	    247827.975171 
8.437140	    252020.938876 
8.515430	    256157.371177 
8.593710	    260181.493231 
8.672000	    264125.132844 
8.750290	    268018.857315 
8.828570	    271808.333758 
8.906860	    275551.857744 
8.985140	    279196.026944 
9.063430	    282797.886729 
9.141710	    286304.939256 
9.220000	    289746.439399 
9.298290	    293150.558518 
9.376570	    296466.108023 
9.454860	    299747.246172 
9.533140	    302943.626427 
9.611430	    306108.337837 
9.689710	    309191.852144 
9.768000	    312221.269709 
9.846290	    315222.748271 
9.924570	    318147.944015 
10.000000	    317121.852512 
10.002100	    316113.152389 
