1.000000	    106921.241050 
1.004190	    76597.439212 
1.008190	    58119.699378 
1.016380	    48936.506297 
1.221380	    117943.174887 
1.221380	    144457.946092 
1.227350	    175954.533423 
1.227350	    188589.192010 
1.227350	    195333.123864 
1.233320	    207605.085311 
1.233320	    213916.605021 
1.233320	    216863.936161 
1.238360	    223200.298089 
1.238360	    226337.487797 
1.238360	    227330.373226 
1.240240	    228199.147976 
1.240240	    227864.877877 
1.240240	    222653.233906 
1.244330	    216160.031997 
1.244330	    209040.285063 
1.244330	    201880.745599 
1.246220	    194963.627255 
1.246220	    188328.988150 
1.246220	    182020.287767 
1.248110	    176065.387045 
1.248110	    170436.626271 
1.248110	    165121.595067 
1.250300	    160113.895958 
1.250300	    155383.016518 
1.250300	    150911.036162 
1.252190	    146536.925268 
1.253950	    142519.959414 
1.262140	    138729.179225 
1.270340	    135145.693145 
1.278530	    131752.604986 
1.286720	    128534.872104 
1.294910	    125478.994919 
1.303100	    122572.824352 
1.311300	    119805.446067 
1.319490	    117166.944649 
1.327680	    114648.368571 
1.335870	    112241.573851 
1.344060	    109939.135339 
1.352260	    107734.303054 
1.360450	    105620.869899 
1.368640	    103593.171859 
1.376830	    101646.000502 
1.385020	    99774.558348 
1.393220	    97974.443568 
1.401410	    96241.568795 
1.409600	    94572.172587 
1.417790	    92962.766212 
1.425980	    91410.109582 
1.434180	    89911.207668 
1.442370	    88463.257088 
1.450560	    87063.660300 
1.458750	    85709.991014 
1.466940	    84399.980480 
1.475140	    83131.518776 
1.483330	    81902.617711 
1.491520	    80711.424678 
1.499710	    79556.198962 
1.507900	    78435.303537 
1.516100	    77347.208294 
1.524290	    76290.463135 
1.532480	    75263.710488 
1.540670	    74265.668348 
1.548860	    73295.125194 
1.557060	    72350.943816 
1.565250	    71432.041126 
1.573440	    70537.399109 
1.581630	    69666.052250 
1.589820	    68817.084271 
1.598020	    67989.631992 
1.606210	    67182.869738 
1.614400	    66396.018807 
1.622590	    65628.337867 
1.630780	    64879.120806 
1.638980	    64147.700367 
1.647170	    63433.435832 
1.655360	    62735.721162 
1.663550	    62053.977492 
1.671740	    61387.651670 
1.679940	    60736.219582 
1.688130	    60099.176228 
1.696320	    59476.042729 
1.704510	    58866.360331 
1.712700	    58269.689400 
1.720900	    57685.612406 
1.729090	    57113.725799 
1.737280	    56553.646055 
1.745470	    56005.004800 
1.753660	    55467.448107 
1.761860	    54940.639155 
1.770050	    54424.251483 
1.778240	    53917.974229 
1.786430	    53421.508102 
1.794620	    52934.564884 
1.802820	    52456.869792 
1.811010	    51988.155813 
1.819200	    51528.168248 
1.827390	    51076.661362 
1.835580	    50633.398009 
1.843780	    50198.151741 
1.851970	    49770.701989 
1.860160	    49350.838038 
1.868350	    48938.356193 
1.876540	    48533.059503 
1.884740	    48134.759633 
1.892930	    47743.272740 
1.901120	    47358.422954 
1.909310	    46980.039962 
1.917500	    46607.958803 
1.925700	    46242.021532 
1.933890	    45882.073658 
1.942080	    45527.967212 
1.950270	    45179.558667 
1.958460	    44836.708779 
1.966660	    44499.284082 
1.974850	    44167.153777 
1.983040	    43840.192452 
1.991230	    43518.278275 
1.999420	    43201.292880 
2.007620	    42889.408423 
2.015810	    54993.189708 
2.024000	    66862.414106 
2.032190	    78544.721585 
2.040380	    90044.493010 
2.048580	    101407.419955 
2.056770	    112595.532640 
2.064960	    123572.020665 
2.073150	    134382.198265 
2.081340	    145029.816804 
2.089540	    155558.415701 
2.097730	    165931.035354 
2.105920	    176111.803211 
2.114110	    186143.946720 
2.122300	    196030.696845 
2.130500	    205813.656356 
2.138690	    215456.859304 
2.146880	    224925.360046 
2.155070	    234260.501622 
2.163260	    243465.081778 
2.171460	    252578.949745 
2.179650	    261567.109188 
2.187840	    270395.522576 
2.196030	    279103.821497 
2.204220	    287694.440702 
2.212420	    296205.632838 
2.220610	    304603.342413 
2.228800	    312854.416065 
2.236990	    320996.922959 
2.245180	    329032.991854 
2.253380	    336999.414432 
2.261570	    344863.044462 
2.269760	    352591.585612 
2.277950	    360221.674009 
2.286140	    367755.179008 
2.294340	    375227.549385 
2.302530	    382606.515133 
2.310720	    389860.607982 
2.318910	    397025.144130 
2.327100	    404101.771859 
2.335300	    411124.700500 
2.343490	    418062.502733 
2.351680	    424884.508523 
2.359870	    431624.813645 
2.368060	    438284.877040 
2.376260	    444897.759832 
2.384450	    451432.844004 
2.392640	    457860.227746 
2.400830	    464212.874468 
2.409020	    470492.080187 
2.417220	    476729.838743 
2.425410	    482896.308630 
2.433600	    488962.326558 
2.441790	    494959.801910 
2.449980	    500889.889899 
2.458180	    506783.589224 
2.466370	    512611.803000 
2.474560	    518346.077370 
2.482750	    524017.337735 
2.490940	    529626.617113 
2.499140	    535203.983699 
2.507330	    540721.054431 
2.515520	    546150.056632 
2.523710	    551520.994639 
2.531900	    556834.795008 
2.540100	    562120.653600 
2.548290	    567350.871576 
2.556480	    572498.330174 
2.564670	    577592.169412 
2.572860	    582633.222752 
2.581060	    587649.866289 
2.589250	    592615.057072 
2.597440	    597502.304046 
2.605630	    602339.934299 
2.613820	    607128.699600 
2.622020	    611896.203969 
2.630210	    616616.033294 
2.638400	    621262.299118 
2.646590	    625862.562310 
2.654780	    630417.502712 
2.662980	    634953.995684 
2.671170	    639446.230187 
2.679360	    643868.896370 
2.687550	    648248.831479 
2.695740	    652586.651828 
2.703940	    656908.543776 
2.712130	    661189.274848 
2.720320	    665404.090910 
2.728510	    669579.144556 
2.736700	    673714.995821 
2.744900	    677837.178406 
2.753090	    681921.015106 
2.761280	    685942.285702 
2.769470	    689926.493897 
2.777660	    693874.149723 
2.785860	    697810.167619 
2.794050	    701710.403534 
2.802240	    705551.150413 
2.810430	    709357.295970 
2.818620	    713129.305692 
2.826820	    716891.505528 
2.835010	    720620.263587 
2.843200	    724292.366244 
2.851390	    727932.115573 
2.859580	    731539.937276 
2.867780	    735139.597240 
2.875970	    738707.955812 
2.884160	    742222.274029 
2.892350	    745706.296399 
2.900540	    749160.412998 
2.908740	    752607.855972 
2.916930	    756025.959006 
2.925120	    759392.439959 
2.933310	    762730.511790 
2.941500	    766040.532598 
2.949700	    769345.225219 
2.957890	    772622.378734 
2.966080	    775850.150872 
2.974270	    779051.247207 
2.982460	    782225.997070 
2.990660	    785396.636709 
2.998850	    788541.393575 
3.000000	    786145.058895 
3.004170	    783768.127734 
