1.004190	 0.004190
1.013180	 0.006590
1.221380	 0.075457
1.227350	 0.109335
1.233320	 0.089856
1.238360	 0.077710
1.240240	 0.068450
1.244330	 0.062016
1.246220	 0.057222
1.248110	 0.052979
1.250300	 0.049706
1.252190	 0.047137
1.254080	 0.044720
1.255970	 0.042784
1.257860	 0.041231
1.259740	 0.039873
1.261380	 0.038771
1.275330	 0.038567
1.291710	 0.039031
1.308100	 0.040268
1.324480	 0.042167
1.340860	 0.044552
1.357250	 0.047442
1.373630	 0.050774
1.390020	 0.054420
1.406400	 0.058415
1.422780	 0.062720
1.439170	 0.067226
1.455550	 0.071985
1.471940	 0.076974
1.488320	 0.082108
1.504700	 0.087378
1.521090	 0.092577
1.537470	 0.097711
1.553860	 0.102786
1.570240	 0.107806
1.586620	 0.112776
1.603010	 0.117701
1.619390	 0.122583
1.635780	 0.127426
1.652160	 0.132232
1.668540	 0.137004
1.684930	 0.141745
1.701310	 0.146457
1.717700	 0.151141
1.734080	 0.155800
1.750460	 0.160434
1.766850	 0.165047
1.783230	 0.169638
1.799620	 0.174209
1.816000	 0.178762
1.832380	 0.183297
1.848770	 0.187816
1.865150	 0.192319
1.881540	 0.196807
1.897920	 0.201281
1.914300	 0.205742
1.930690	 0.210190
1.947070	 0.214627
1.963460	 0.219052
1.979840	 0.223466
1.996220	 0.227870
2.012610	 0.232264
2.028990	 0.236649
2.045380	 0.241025
2.061760	 0.245392
2.078140	 0.249752
2.094530	 0.254104
2.110910	 0.258448
2.127300	 0.262785
2.143680	 0.267115
2.160060	 0.271439
2.176450	 0.275757
2.192830	 0.280068
2.209220	 0.284374
2.225600	 0.288674
2.241980	 0.292969
2.258370	 0.297259
2.274750	 0.301544
2.291140	 0.305825
2.307520	 0.310100
2.323900	 0.314372
2.340290	 0.318639
2.356670	 0.322902
2.373060	 0.327161
2.389440	 0.331417
2.405820	 0.335668
2.422210	 0.339916
2.438590	 0.344161
2.454980	 0.348402
2.471360	 0.352641
2.487740	 0.356876
2.504130	 0.361108
2.520510	 0.365337
2.536900	 0.369564
2.553280	 0.373787
2.569660	 0.378008
2.586050	 0.382227
2.602430	 0.386443
2.618820	 0.390657
2.635200	 0.394868
2.651580	 0.399077
2.667970	 0.403284
2.684350	 0.407489
2.700740	 0.411691
2.717120	 0.415892
2.733500	 0.420091
2.749890	 0.424287
2.766270	 0.428482
2.782660	 0.432675
2.799040	 0.436867
2.815420	 0.441057
2.831810	 0.445245
2.848190	 0.449431
2.864580	 0.453616
2.880960	 0.457799
2.897340	 0.461981
2.913730	 0.466161
2.930110	 0.470340
2.946500	 0.474518
2.962880	 0.478694
2.979260	 0.482869
2.995650	 0.487043
3.004170	 0.491152
2.018710	 0.487246
2.026910	 0.483402
2.035100	 0.479618
2.043290	 0.475894
2.051480	 0.472227
2.059670	 0.468617
2.067870	 0.465062
2.076060	 0.461561
2.084250	 0.458112
2.092440	 0.454715
2.100630	 0.451369
2.108830	 0.448071
2.117020	 0.444822
2.125210	 0.441619
2.133400	 0.438463
2.141590	 0.435352
2.149790	 0.432285
2.157980	 0.429261
2.166170	 0.426280
2.174360	 0.423340
2.182550	 0.420440
2.190750	 0.417580
2.198940	 0.414759
2.207130	 0.411977
2.215320	 0.409231
2.223510	 0.406522
2.231710	 0.403849
2.239900	 0.401212
2.248090	 0.398608
2.256280	 0.396039
2.264470	 0.393502
2.272670	 0.390999
2.280860	 0.388527
2.289050	 0.386086
2.297240	 0.383676
2.305430	 0.381296
2.313630	 0.378946
2.321820	 0.376625
2.330010	 0.374332
2.338200	 0.372067
2.346390	 0.369830
2.354590	 0.367620
2.362780	 0.365436
2.370970	 0.363278
2.379160	 0.361145
2.387350	 0.359038
2.395550	 0.356955
2.403740	 0.354897
2.411930	 0.352862
2.420120	 0.350851
2.428310	 0.348863
2.436510	 0.346897
2.444700	 0.344954
2.452890	 0.343032
2.461080	 0.341132
2.469270	 0.339253
2.477470	 0.337395
2.485660	 0.335557
2.493850	 0.333739
2.502040	 0.331941
2.510230	 0.330162
2.518430	 0.328403
2.526620	 0.326662
2.534810	 0.324940
2.543000	 0.323236
2.551190	 0.321550
2.559390	 0.319882
2.567580	 0.318231
2.575770	 0.316597
2.583960	 0.314980
2.592150	 0.313380
2.600350	 0.311796
2.608540	 0.310228
2.616730	 0.308676
2.624920	 0.307139
2.633110	 0.305618
2.641310	 0.304112
2.649500	 0.302621
2.657690	 0.301145
2.665880	 0.299683
2.674070	 0.298235
2.682270	 0.296801
2.690460	 0.295382
2.698650	 0.293975
2.706840	 0.292583
2.715030	 0.291203
2.723230	 0.289837
2.731420	 0.288484
2.739610	 0.287143
2.747800	 0.285815
2.755990	 0.284499
2.764190	 0.283195
2.772380	 0.281903
2.780570	 0.280624
2.788760	 0.279356
2.796950	 0.278099
2.805150	 0.276854
2.813340	 0.275620
2.821530	 0.274397
2.829720	 0.273185
2.837910	 0.271984
2.846110	 0.270793
2.854300	 0.269613
2.862490	 0.268443
2.870680	 0.267283
2.878870	 0.266134
2.887070	 0.264995
2.895260	 0.263865
2.903450	 0.262745
2.911640	 0.261634
2.919830	 0.260533
2.928030	 0.259442
2.936220	 0.258359
2.944410	 0.257286
2.952600	 0.256222
2.960790	 0.255166
2.968990	 0.254119
2.977180	 0.253081
2.985370	 0.252052
2.993560	 0.251031
3.001750	 0.250018
3.002090	 0.249010
3.006260	 0.248010
