2.011690	 100.000000	
2.011690	 100.000000	
2.011700	 100.000000	
2.011700	 100.000000	
2.020920	 100.000000	
2.024610	 100.000000	
3.000000	 100.000000	
3.000000	 100.000000	
3.003690	 100.000000	
3.003870	 100.000000	
3.003870	 100.000000	
3.007560	 100.000000	
4.000000	 100.000000	
4.000000	 100.000000	
4.003690	 100.000000	
4.003870	 100.000000	
4.003870	 100.000000	
4.007560	 100.000000	
5.000000	 100.000000	
5.000000	 100.000000	
5.003690	 100.000000	
5.003870	 100.000000	
5.003870	 100.000000	
5.007560	 100.000000	
6.000000	 100.000000	
6.000000	 100.000000	
6.003690	 100.000000	
6.003870	 100.000000	
6.003870	 100.000000	
6.007560	 100.000000	
7.000000	 100.000000	
7.000000	 100.000000	
7.003690	 100.000000	
7.003870	 100.000000	
7.003870	 100.000000	
7.007560	 100.000000	
0.000000	 100.000000	
4.003780	 100.000000	
4.003870	 100.000000	
5.003690	 100.000000	
5.003690	 100.000000	
5.003780	 100.000000	
5.003780	 100.000000	
5.003780	 100.000000	
5.003870	 100.000000	
6.003690	 100.000000	
6.003690	 100.000000	
6.003780	 100.000000	
6.003780	 100.000000	
6.003780	 100.000000	
6.003870	 100.000000	
7.003690	 100.000000	
7.003690	 100.000000	
7.003780	 100.000000	
7.003780	 100.000000	
7.003780	 100.000000	
7.003870	 100.000000	
