0.007050	    1.922586 
1.004050	    1.931461 
2.005050	    1.935011 
3.007050	    1.939242 
4.003050	    1.943757 
5.007050	    1.948446 
6.002050	    1.953240 
7.006050	    1.958144 
8.007050	    1.963105 
9.007050	    1.968991 
10.007000	    1.974924 
11.009100	    1.980095 
12.006100	    1.986195 
13.001000	    1.991996 
14.008100	    1.997172 
15.003000	    2.002964 
16.007000	    2.008743 
17.006000	    2.014529 
18.004000	    2.020316 
19.001000	    2.026112 
20.005100	    2.031929 
21.006000	    2.037763 
22.003100	    2.043624 
23.005100	    2.049432 
24.007000	    2.055272 
25.004000	    2.060856 
26.004000	    2.071019 
27.006000	    2.080936 
28.007000	    2.087780 
29.003100	    2.094142 
30.006000	    2.099568 
31.004000	    2.105073 
32.007000	    2.111074 
33.003100	    2.125182 
34.002000	    2.136994 
35.009100	    2.148623 
36.006100	    2.172234 
37.002000	    2.194621 
38.009100	    2.215923 
39.001000	    2.236853 
40.002000	    2.241870 
41.006100	    2.260698 
42.008000	    2.286003 
43.003100	    2.310824 
44.006100	    2.334098 
45.007000	    2.344638 
46.007000	    2.353409 
47.006100	    2.361415 
48.005000	    2.390402 
49.008000	    2.418192 
50.008000	    2.467104 
51.009100	    2.502681 
52.002000	    2.536143 
53.007000	    2.567629 
54.006100	    2.598828 
55.007000	    2.627185 
56.007000	    2.653490 
57.010000	    2.654956 
58.006100	    2.722615 
59.003100	    2.789547 
60.007000	    2.855765 
61.002000	    2.921326 
62.001000	    2.986308 
63.002000	    3.050785 
64.007100	    3.114830 
65.002000	    3.178486 
66.005000	    3.241831 
67.004100	    3.304916 
68.008000	    3.367811 
69.001100	    3.430455 
70.006100	    3.492683 
71.007100	    3.555324 
72.008000	    3.617881 
73.007100	    3.680627 
74.007100	    3.743507 
75.004100	    3.806566 
76.008000	    3.869867 
77.004100	    3.933401 
78.001100	    3.997271 
79.001100	    4.059157 
80.001100	    4.122116 
81.007100	    4.186279 
82.006100	    4.251568 
83.007100	    4.316040 
84.008000	    4.381917 
85.011000	    4.449327 
86.008000	    4.518318 
87.004100	    4.588233 
88.004100	    4.659129 
89.004100	    4.730936 
90.008000	    4.803971 
91.009100	    4.878310 
92.003100	    4.953137 
93.009100	    5.030209 
94.009100	    5.108791 
95.006100	    5.188980 
96.005000	    5.266661 
97.002000	    5.347106 
98.006100	    5.430495 
99.010100	    5.517502 
100.007000	    5.607804 
100.294000	    5.704041 
100.532000	    5.799703 
100.662000	    5.894228 
100.937000	    5.988478 
100.969000	    6.079961 
101.085000	    6.168997 
101.291000	    6.256146 
101.641000	    6.341992 
101.760000	    6.425687 
101.921000	    6.507540 
102.244000	    6.588087 
102.284000	    6.666362 
102.320000	    6.744633 
102.633000	    6.822058 
102.960000	    6.898540 
103.043000	    6.972875 
103.569000	    7.047331 
104.126000	    7.122095 
104.846000	    7.198050 
105.440000	    7.274575 
105.762000	    7.350232 
105.842000	    7.423759 
106.323000	    7.497177 
106.372000	    7.568368 
106.843000	    7.639713 
107.588000	    7.712555 
107.652000	    7.783270 
107.866000	    7.852700 
108.086000	    7.920907 
109.090000	    7.981937 
109.127000	    8.050946 
109.375000	    8.118908 
109.629000	    8.185876 
110.382000	    8.254524 
110.841000	    8.323297 
110.929000	    8.390073 
111.088000	    8.450145 
111.457000	    8.511056 
111.783000	    8.572504 
111.861000	    8.637505 
111.930000	    8.700670 
112.180000	    8.762889 
112.249000	    8.823229 
112.426000	    8.882455 
112.552000	    8.940194 
112.704000	    8.996651 
112.951000	    9.052329 
113.089000	    9.106778 
113.141000	    9.139116 
113.848000	    9.173261 
114.358000	    9.245437 
114.469000	    9.284565 
114.583000	    9.327186 
115.588000	    9.365099 
115.618000	    9.410736 
115.665000	    9.455587 
115.924000	    9.501329 
116.865000	    9.550220 
116.918000	    9.586720 
117.157000	    9.620133 
117.299000	    9.650361 
117.639000	    9.678219 
117.697000	    9.704580 
117.742000	    9.721636 
117.935000	    9.748088 
118.308000	    9.767807 
119.190000	    9.787013 
119.233000	    9.803741 
119.241000	    9.819116 
119.243000	    9.833780 
119.244000	    9.862283 
119.261000	    9.872593 
119.301000	    9.881027 
119.412000	    9.889107 
119.636000	    9.897061 
120.046000	    9.904346 
120.303000	    9.910726 
120.797000	    9.916271 
120.867000	    9.920306 
120.900000	    9.922882 
120.994000	    9.911498 
121.141000	    9.907760 
121.162000	    9.906992 
121.189000	    9.905050 
121.195000	    9.901987 
121.938000	    9.894857 
121.990000	    9.890575 
122.050000	    9.886001 
122.682000	    9.881562 
122.727000	    9.876207 
123.663000	    9.870837 
123.723000	    9.864624 
123.745000	    9.857590 
124.657000	    9.860592 
124.748000	    9.849511 
124.849000	    9.841048 
124.890000	    9.831902 
125.138000	    9.822271 
125.166000	    9.812019 
125.373000	    9.804609 
125.497000	    9.794207 
125.603000	    9.783283 
125.973000	    9.772240 
126.346000	    9.760892 
126.376000	    9.749036 
126.760000	    9.736919 
126.796000	    9.724343 
126.945000	    9.711399 
127.264000	    9.698198 
127.664000	    9.684793 
127.999000	    9.668701 
128.053000	    9.654723 
128.081000	    9.640400 
128.217000	    9.625794 
128.498000	    9.610986 
128.915000	    9.596051 
129.041000	    9.587523 
129.079000	    9.565510 
129.131000	    9.549804 
129.210000	    9.533871 
129.297000	    9.517727 
129.340000	    9.502530 
129.374000	    9.487084 
129.489000	    9.471436 
129.536000	    9.461007 
129.554000	    9.450151 
129.935000	    9.439071 
130.009000	    9.427668 
130.098000	    9.417910 
130.135000	    9.405816 
130.213000	    9.393723 
130.419000	    9.381383 
130.820000	    9.368891 
131.811000	    9.354387 
132.357000	    9.342242 
132.733000	    9.329936 
132.813000	    9.317763 
132.932000	    9.305331 
133.025000	    9.292938 
133.217000	    9.280330 
133.431000	    9.262627 
133.616000	    9.250901 
134.019000	    9.237308 
134.433000	    9.219606 
134.615000	    9.206098 
135.616000	    9.195451 
136.619000	    9.185346 
137.615000	    9.175696 
138.408000	    9.168277 
138.811000	    9.160639 
138.996000	    9.153003 
139.068000	    9.145077 
139.105000	    9.137126 
139.115000	    9.129238 
139.193000	    9.120987 
139.377000	    9.112877 
139.385000	    9.104380 
139.479000	    9.095881 
139.509000	    9.088497 
139.751000	    9.080817 
139.949000	    9.073258 
140.040000	    9.065828 
140.074000	    9.058424 
140.097000	    9.051012 
140.256000	    9.041258 
140.624000	    9.034332 
140.668000	    9.028041 
140.753000	    9.021240 
141.580000	    9.014858 
141.810000	    9.008553 
141.838000	    9.001847 
142.337000	    8.995426 
142.594000	    8.989717 
142.892000	    8.984117 
143.335000	    8.978293 
143.587000	    8.973234 
143.676000	    8.968240 
143.875000	    8.963378 
144.880000	    8.956477 
145.882000	    8.950054 
146.002000	    8.945769 
147.008000	    8.943390 
147.177000	    8.943403 
147.252000	    8.943284 
147.675000	    8.943410 
148.256000	    8.943251 
148.427000	    8.943071 
148.967000	    8.942618 
149.101000	    8.941624 
149.183000	    8.940631 
149.501000	    8.939697 
149.555000	    8.938197 
149.675000	    8.936198 
150.683000	    8.933721 
150.838000	    8.933038 
151.565000	    8.932784 
152.538000	    8.933026 
152.796000	    8.932790 
153.501000	    8.934710 
153.661000	    8.936021 
153.748000	    8.936928 
153.990000	    8.937332 
154.252000	    8.938817 
154.338000	    8.940232 
154.420000	    8.941017 
154.472000	    8.945132 
154.539000	    8.948480 
154.918000	    8.951915 
155.666000	    8.955138 
155.777000	    8.958417 
156.680000	    8.961274 
156.760000	    8.963440 
156.934000	    8.965849 
157.336000	    8.968536 
157.920000	    8.972610 
158.126000	    8.976811 
158.299000	    8.980932 
158.762000	    8.984610 
158.950000	    8.989419 
159.955000	    8.992385 
160.952000	    8.995361 
161.563000	    9.001392 
161.968000	    9.007611 
161.989000	    9.015196 
162.168000	    9.022272 
162.193000	    9.028408 
162.668000	    9.039852 
162.683000	    9.052711 
162.992000	    9.059323 
163.006000	    9.068690 
163.671000	    9.087303 
163.686000	    9.096943 
163.759000	    9.105549 
164.751000	    9.114726 
164.915000	    9.125621 
165.159000	    9.138408 
165.412000	    9.148530 
165.693000	    9.158671 
166.115000	    9.168132 
166.186000	    9.180214 
166.606000	    9.191530 
167.607000	    9.200962 
168.612000	    9.211053 
168.745000	    9.223044 
169.420000	    9.237159 
170.419000	    9.248069 
170.842000	    9.254451 
170.882000	    9.269249 
170.883000	    9.284259 
170.968000	    9.299001 
171.969000	    9.313654 
172.974000	    9.334181 
173.054000	    9.353572 
173.998000	    9.369675 
175.001000	    9.386967 
175.400000	    9.413994 
175.804000	    9.439465 
176.357000	    9.464560 
177.091000	    9.488910 
177.160000	    9.531050 
177.174000	    9.556516 
177.193000	    9.593761 
177.210000	    9.627672 
177.219000	    9.645216 
178.213000	    9.673941 
178.301000	    9.706650 
179.197000	    9.738869 
179.884000	    9.773059 
180.385000	    9.805492 
180.436000	    9.837805 
181.215000	    9.881252 
181.225000	    9.924505 
181.384000	    9.967124 
181.402000	    10.006377 
182.224000	    10.046090 
183.225000	    10.080494 
184.011000	    10.129401 
184.249000	    10.178493 
184.258000	    10.222477 
185.245000	    10.271701 
185.255000	    10.318428 
185.285000	    10.365765 
185.897000	    10.436439 
186.297000	    10.506039 
186.300000	    10.575141 
186.859000	    10.640331 
187.288000	    10.705160 
187.576000	    10.764366 
188.584000	    10.825111 
189.577000	    10.892460 
190.386000	    10.976076 
191.385000	    11.072271 
191.417000	    11.174310 
192.413000	    11.278268 
192.423000	    11.388468 
193.422000	    11.508889 
193.672000	    11.645986 
194.000000	    11.795694 
194.162000	    11.944991 
194.238000	    12.121694 
194.697000	    12.289925 
195.214000	    12.479433 
196.166000	    12.814075 
197.167000	    13.128348 
197.255000	    13.481792 
197.499000	    13.904968 
198.495000	    14.497503 
